$ANSIBLE_VAULT;1.1;AES256
36353334643363613162373232613831396261393630643733323733663833343165653630326631
6431303461396636613930653832303333383365323334630a336330373534623936633231323035
36663963353464346332383132393863633362306232643766653565393233316233643138366232
6230646533333737330a373739653433643933303038643332373662313163393765386662333065
36323532396135643232626662623434333538656662383330356134666262343664623134653232
36636434666534373337363134643539343537356433663039663664656262336464653234616332
33366638316633343763663735346339343130313263303236633763623466633535393832613230
30633264653633333330353264623561656336383935646430636231313631643566636462333764
32656132363530353064613939353335666434633832373333616635346631373832313030336665
36396237623332346335323131306362646435366135313237323437356639643739633962303738
64653532323531613666613333333666373635386532346336363230646662323838336137333231
30396165376363396364653332393463633466303338363263323534366133313936303532323330
62653431326663316564356461613339383931643761316530353862363738643561666362346135
3033343639653936383164376132303732383130643130623836
